T5	T10	T15	T20	T25	T30	T35	T40
2355.41354436	2207.424514	2383.92431289	2369.61008283	1958.40188445	2268.70402428	2386.89702798	1970.78334276
2072.6312774	2181.82766394	2099.307359	1860.17420048	2226.9974699	2273.29553837	2127.62190697	2425.02255842
1790.96957388	1719.49819601	1661.50975977	1895.58209536	1502.41672166	1463.06586711	1522.94125731	1471.05095706
880.162956289	855.139903024	863.770741508	790.870783249	984.007642298	978.003578954	1076.97912024	1300.48408785
897.641893879	891.440775841	917.428798556	980.186025655	819.523419266	824.309321182	625.393713321	582.972336487
2218.01058587	2224.32888904	2117.27130171	2057.68914488	2454.30840669	2345.76934068	2268.57645378	2400.47543576
692.28500539	802.481100406	707.448975185	673.587344859	791.296816748	758.747458116	869.861275919	1070.06342359
692.859657911	747.391632464	705.819368758	598.77956328	806.074821808	724.722864211	816.855997433	1010.0937049
901.887437736	926.331630107	878.712644565	941.384096158	1057.18949996	1136.40580279	919.573025877	741.387793199
695.118713598	643.620812505	598.647218114	585.677090871	673.259830393	663.811839591	863.11236704	904.20080259
819.737842104	786.914007991	777.084880709	750.462157627	844.276362965	752.254736367	990.281046933	1027.58200188
650.965092909	676.253552174	686.595921459	657.051531081	600.864104303	540.521420882	428.064191933	436.704190043
461.008726108	479.809301796	470.589128986	382.48714375	326.085404882	239.424343661	221.541495077	425.234450238
328.868986066	253.195802113	184.743975492	119.230110937	159.510427488	87.0772453667	67.0514923326	287.783242066
421.486338106	387.744789651	295.706008143	187.980060745	278.406385314	212.938855057	155.928158406	342.990490032
394.135730001	402.382172245	318.563227814	254.660211499	242.75276051	210.151420644	140.152809809	353.901175992
295.965615113	321.876446257	184.213127725	129.609088898	140.528066046	106.416556672	112.255875389	296.029679932
305.294987421	295.354353275	276.133507303	151.699744458	111.60270595	119.193271157	125.583063593	295.071309264
579.383095965	648.585433038	547.623798038	469.726542428	655.934915735	617.640704776	568.528192712	765.454196597
390.730991236	416.82487498	353.471008915	291.755446671	254.715127727	195.278545917	190.894479688	346.249655602
240.95886379	225.033446702	131.137561056	67.3260682381	54.4301427291	57.4230221998	94.3901219208	248.409026076
744.787760075	744.211157268	734.463697805	674.670165196	768.685041389	699.372876468	808.526032518	950.701552423
253.636278344	286.72598245	246.500293744	116.92896681	162.154992026	100.469881322	124.613875869	306.993214517
288.93376478	247.276287491	196.847776948	103.672770191	119.586202772	97.9431500058	131.123931034	292.132148688
290.307305755	250.484481372	171.996532029	110.15783642	101.681138183	82.4810247078	62.6628169876	184.897987091
283.069690115	226.296497268	191.580919816	91.0036841271	98.7009673151	83.7823317867	65.6328482404	210.737185485
278.112238493	226.467166928	150.068958804	84.8847178727	79.2041527179	61.6817179618	69.6286221511	179.72759428
218.839768512	253.053049531	172.670278873	162.000610975	215.46904985	260.832302741	252.572739213	422.867223872
491.465317732	620.950871881	427.018448884	409.684515467	527.608404196	454.730420287	491.482476672	620.299026009
561.316382978	581.438733876	544.412039558	509.730179382	547.100255294	604.906636849	590.641443486	770.996941217
247.057792184	250.49713154	175.114700989	102.373956116	73.2639357369	62.4827638782	89.259865239	213.599279056
343.1983681	325.823103212	268.988015484	163.068527441	179.570619432	154.542774557	175.361702569	297.959878167
568.198697493	613.284105749	611.041728589	486.091278076	612.570195345	586.055303996	699.336255579	742.76505172
275.720202964	267.830713771	264.471734578	205.401250391	142.60569159	88.2030066164	87.6996178851	202.014811266
407.234729245	410.393864035	349.624573193	269.625730062	286.147443593	254.977915373	226.91847454	417.624570119
498.232495002	544.247604082	468.925205255	420.577186441	509.20236302	521.981954323	528.2773973	686.143938556
288.64720864	268.765940156	163.029837602	129.820057227	139.803575288	96.6960434104	88.2906752292	222.321993078
226.849795335	262.453894416	224.838541923	113.984124986	115.269366148	72.2481580227	67.2641736037	139.649686361
250.404283818	310.774418364	239.85140725	208.256843285	305.081539999	260.710038716	374.723202494	433.592324891
336.36911884	316.61650095	317.225464203	284.538873229	207.655480775	167.266831812	136.021161181	271.261821723
258.482228549	244.210256828	162.841148185	91.892976293	123.944876089	78.5301557337	77.2779279505	216.566889157
318.608993069	402.354718202	315.542888769	249.708687136	336.859150624	257.524955852	295.983920718	470.248242065
299.009654862	272.441484081	208.375695702	130.034910051	147.890919308	99.1891465221	156.70119125	257.626883527
625.209854024	646.690857753	521.621431696	566.523785278	716.424041543	593.871563393	627.022063595	743.460645023
260.214765585	305.852482538	236.302348971	159.504728353	126.517947695	116.731696555	125.257141497	245.273795554
301.057993823	326.325563803	316.539312351	315.329967019	246.860522768	168.664865506	149.358248201	189.944169482
236.791233135	271.484821631	289.92517109	257.332922929	191.959743476	115.728199605	98.9517699428	153.355088096
210.773793777	257.451737167	205.007693912	137.150778367	115.257908277	84.2948731928	58.686072868	220.072772852
284.857791246	267.774877018	158.797667283	121.105515113	154.254597523	129.925366148	151.93061025	285.777702738
266.103582259	223.906500617	142.318275013	94.5877912782	124.982249692	92.3508840328	92.3901285405	236.258542507
404.093700844	352.125588231	265.258846462	234.506322105	224.475143637	217.674803254	207.780911132	310.444929085
284.424263666	286.428668745	273.313084801	299.654086068	218.754806007	136.848743208	125.060275545	292.139849874
296.507852458	325.263876387	452.453597693	424.629620888	385.581866806	397.011672205	328.413203617	239.211646101
226.957883185	257.592245432	210.120793774	134.079615715	115.604527884	94.5315015463	86.4938852747	247.566179244
282.437531213	272.608396854	195.853658472	117.495041637	170.954901605	124.270798425	133.036394875	272.299625493
258.806312407	212.448707734	156.599920644	92.2209712803	119.614515113	96.3030023255	40.8477757473	164.773140107
270.686306128	255.685293671	231.284633662	203.460914458	113.134519027	104.531134125	127.751121316	259.932071404
315.175585957	271.819321542	277.188464471	270.893016695	192.808858044	137.247658975	140.575498281	290.379747691
228.978189507	178.01686086	130.725696845	76.1125044343	75.9019961261	64.5894587472	79.2701296966	225.39039407
513.233499203	596.000651042	515.103273596	464.388023904	601.38695195	534.787274247	551.683783573	687.893627047
567.825521409	537.000114393	523.234177979	469.225403792	524.392060574	532.883201839	585.999984549	703.803790398
241.774415982	189.884133393	141.930647652	117.769505099	130.600554172	112.580475141	141.407456404	305.878213271
298.725138987	237.612459032	175.803197847	138.53123304	132.713312712	113.434708822	110.069538665	228.870863167
396.687910121	473.733641919	382.236316489	292.092904949	452.433977305	375.44710689	402.927701662	514.998683573
257.775091033	194.510293481	134.285317448	100.52733384	151.221451061	118.949090947	118.118664768	283.442129849
295.199969406	315.372852349	320.604760944	242.674994703	225.941447612	160.57684235	135.943970062	256.852619243
220.914801758	203.186336466	113.290112182	74.5748770797	60.5623421893	68.9918301474	97.4470699746	207.588708404
247.050632175	193.306011502	98.7084087125	93.5380144462	128.416096475	102.838835654	107.881687302	254.968106496
243.911117773	231.343230652	224.642322568	165.815605109	129.573795181	70.0406851185	98.7868954775	229.479145626
242.597164973	238.954453846	179.426348795	116.511806565	102.828763309	84.963008535	72.0304711617	184.0209283
223.816158628	288.616129421	259.392074175	201.191088529	178.648384401	110.471130217	92.3674107494	213.757520125
222.605031235	253.241742212	202.123379977	136.398542824	119.201845133	102.27961076	82.6470709267	243.395454455
115.200689686	160.193905618	242.360979149	232.412629985	234.571048215	169.661514612	82.5693235603	79.2826398122
303.357129742	331.195469478	292.683480055	224.428509803	232.641353373	153.4384614	145.97224015	257.805564348
225.539652175	194.415988674	144.200127957	60.9078098952	104.748845749	68.0815045961	50.8210641534	180.907818224
513.210254439	497.156701005	394.108278006	314.096792746	407.919454178	381.322183596	364.05134347	442.442830335
220.511892964	241.428935758	160.262583232	132.938963746	86.2190133513	85.5224315726	97.2956244379	235.149897075
310.890769684	270.56758458	230.509297268	293.87850557	250.288262566	164.726584894	129.112679077	163.245123554
708.772526069	794.733167815	661.508821014	644.512555218	700.041003541	716.881673314	779.036554529	835.672470195
248.275710676	246.465983073	182.936837154	121.963611291	124.262221138	74.9621637692	101.284688482	204.816525969
280.72196192	260.658482504	242.665116729	162.597598124	154.719372207	122.019328989	101.200402047	206.442930098
259.211267243	278.08046161	241.68864892	269.546441996	198.220884695	126.234909921	102.150956112	194.215470608
245.785012499	264.641744161	220.943579036	242.498331797	236.798142138	116.858746892	85.5028104165	223.926121993
222.068024603	230.653104283	164.30635716	119.742649846	81.8694505756	79.2792825123	55.8945481089	132.199255719
229.302544463	201.154805355	125.364877605	75.2012684774	87.8083931902	69.3637257308	80.5973151228	194.885578622
206.627693868	201.355830711	136.089086046	70.8223377202	87.6904639686	81.2379249982	115.541636601	240.730051079
287.413063104	230.577973949	165.482030306	114.072425019	174.184384572	150.96175862	143.309184671	281.291000915
88.0333685485	143.663183404	176.169659549	235.384619707	209.542404103	136.364236628	63.6234923189	63.9494147211
225.70987284	292.34385614	230.658743948	200.570957736	247.795405646	208.101482655	215.246044279	396.287388352
223.239718839	206.060175386	144.306450322	86.4723707475	104.809796651	92.3303976719	122.409609765	254.69981485
224.131720225	193.452123966	144.134912863	64.687028465	87.5873691871	51.9160153611	58.6574637455	131.132322539
295.405812102	295.543038854	223.934450569	137.410619076	182.825340535	156.065389027	188.957825691	289.239017031
180.607028219	260.957155829	187.434822031	151.895517388	212.155827106	177.074146757	186.217535544	353.150672452
260.984613406	333.884577194	284.707990813	197.347017122	179.069402912	147.740263459	164.068391941	231.394463046
268.242379168	254.467747311	173.703645336	143.43672773	182.513917333	127.935357128	109.716342295	267.997104123
245.487200246	235.634468485	212.983671516	247.246331435	257.897933328	145.136178282	76.5624400935	157.700230096
180.570417494	209.263623871	163.217207326	226.214123566	326.324583169	317.30933119	298.391035413	292.451037362
244.939296315	237.623192361	194.112548396	110.882248932	137.625042945	96.6016974779	74.8335095292	176.752889573
214.782603526	234.094462145	225.134125268	251.493434829	190.793801224	114.745366116	94.994189192	102.682322457
157.093632101	158.41811563	131.702779646	166.57105052	230.234591038	284.499193095	272.06866971	284.038080119
278.797669902	282.840442635	215.775681625	120.887638273	158.612073187	145.370190412	207.472273155	272.350222616
208.595491294	258.78800652	186.016178438	180.204314981	156.197209813	95.6623252254	79.8467394938	243.365978983
271.373316663	279.48707523	222.982415589	164.582258117	154.976122586	104.784067358	135.935391552	221.798802694
269.533086892	281.083588875	175.682961176	130.387052446	164.18737583	156.984328968	129.654849212	257.030722036
296.340695363	319.103804582	272.737048743	220.649495347	174.986045597	168.570520077	158.655616136	275.704657213
215.853452772	216.173788826	98.3806286498	73.4857257485	83.8097880575	68.7355587722	80.8718243925	159.821616333
244.556832553	217.602249423	156.204011161	121.630835933	104.557568832	98.249374347	56.6670934048	120.152828771
196.171006113	280.327610856	218.762576697	185.381254904	273.183047505	214.088161445	258.679498325	380.291460001
317.714347503	353.977502787	289.033171456	235.77915801	347.124561238	273.371740809	369.167209697	437.396503856
254.449704317	256.271058767	203.259557481	133.453152829	134.743663557	128.281970082	89.1457175184	209.144642772
347.119148869	262.577157552	226.680902161	192.066007806	221.720228259	185.531094237	168.13211843	309.474762782
211.496845425	250.120551141	318.133059406	287.380533462	349.004569034	287.389686021	216.851079134	157.194836661
210.37713656	246.206887664	153.385075411	133.331404926	128.308176329	62.5548963478	70.2565265903	132.389549091
116.485928762	94.6270343588	43.62948924	71.1689479471	172.261427296	183.053521191	212.496312972	192.324911433
177.039381947	215.331692263	245.971424679	298.185530738	299.431530191	260.560369697	191.059292141	119.046599464
277.780271494	232.159703717	171.555282833	157.283310896	198.35811699	161.760457741	179.669037513	331.300169411
330.304636938	337.599368124	262.279617219	209.562249178	198.870293002	188.880384389	188.718989942	285.713147045
365.633522657	403.757869409	352.793892722	276.639544313	373.541430011	283.672605598	387.504634833	468.041787585
278.577922653	253.138815154	246.363061869	269.666517246	283.200876488	168.973633916	110.444825346	187.86855796
241.928418293	269.941981737	186.190789718	118.933853022	141.721065756	124.563994232	114.400791126	230.675756359
254.797496821	265.62494941	214.416501551	218.882943377	143.154843119	123.641633207	104.503677471	144.646707471
296.881190689	302.061746044	239.709511796	177.623572649	209.425066525	159.43514895	153.851126834	286.624989436
129.495307099	237.31812698	173.948918734	223.357083437	267.408441777	180.92453453	90.4671731853	120.85182061
214.199661879	199.447379778	160.336689619	90.9152097162	96.1213912604	76.9863126263	103.43749285	229.183518008
214.901587262	255.621228416	191.297193898	140.830097685	133.123662654	69.3670837607	94.481647005	161.935852358
251.903743432	196.891463658	113.764087365	77.9640808585	97.8024656188	101.679225874	83.1959931715	151.390977008
256.703659509	270.526544244	247.197912408	228.751271129	206.503939883	134.662101204	94.0326855451	214.282846394
311.378486787	290.474094007	245.763944178	188.707024901	188.194481869	175.033131542	157.707377235	296.011378448
113.415378683	189.461375355	215.477113961	242.356276382	222.562043997	133.056292472	86.7863670439	99.907206462
289.037140405	209.794471792	172.406354763	121.902652664	150.147383415	139.512132734	119.879939239	243.896827032
276.819657668	246.740442048	154.28997107	121.26888064	152.102861129	125.848949264	159.796345501	247.984098758
286.571598869	289.359092472	331.634668122	318.383345694	283.22660427	203.795876077	148.860787062	242.563491533
266.283935444	268.956473229	266.174101657	290.089683379	233.938867351	140.354167503	127.339258181	236.885983307
220.021343753	220.119452387	132.075596487	90.7909361201	104.212376354	65.9887440222	73.1409593486	104.496894699
279.619180871	276.910029802	196.587359691	134.697898596	173.806691573	149.671449751	156.087380224	269.093763979
201.387947128	248.650405884	205.914877897	229.421027957	224.902171389	143.143037153	85.5920955726	105.507369589
259.611736426	293.082564181	229.554800763	191.443632907	168.232797405	141.406708481	109.061640951	215.606331332
214.73321654	207.031591072	123.70682125	76.8004588944	96.6775315099	89.1525000154	100.964938706	215.616210389
226.93809652	196.51420714	196.788910681	188.243538397	253.270804536	271.097375225	362.741870468	302.080493625
272.402242647	338.243822825	265.671899425	196.828158042	293.338900998	219.099109403	297.194624976	386.12147489
685.123278252	671.914846456	603.282446136	518.276727448	631.877853969	559.360111357	607.476558133	686.049594807
296.890025452	275.33579249	198.62837465	144.939587945	164.928729729	176.46092941	169.834489758	280.488670042
209.793188809	213.076807033	100.565425383	71.3785976964	100.793984887	82.1512878887	81.252292697	181.985327864
265.095028044	260.60072557	252.890087584	205.185333324	214.885816946	125.728871543	116.894659054	150.910670047
220.119455571	212.260847682	150.010092975	65.3412191542	94.0776195938	74.6616623419	87.1216242399	137.245994074
131.348070798	182.291095298	253.580213918	236.611408208	259.538514515	162.4209351	136.894506979	100.842661659
210.090317369	201.260367132	156.364000161	102.660537869	97.8684439419	74.654591587	74.2279508793	209.861760486
253.36970369	279.756469893	253.781565058	240.830725651	165.157545666	135.878576624	118.031127328	199.8365095
169.874207215	167.481253306	107.665908598	75.5453922824	110.461978289	94.9034696975	111.525515454	261.870108646
263.493860917	238.279608143	237.504535922	139.276866693	138.570475242	121.813299797	110.236326314	176.882407236
258.70563292	257.826987503	159.940598405	103.313846332	148.57314577	128.437561394	125.426377674	202.289392254
242.023144032	234.252468277	164.307796118	112.691975096	137.247657284	126.655178982	93.5311654049	230.753092364
246.19152309	222.313415479	143.71464529	106.233563069	129.957287231	100.22972985	77.1664279602	171.16932208
191.34381367	212.270659961	151.913426626	109.60842182	86.2876895932	49.8300375904	57.9241071468	145.5362809
238.707336323	250.395125011	203.909390955	210.169724125	166.155171337	130.936206485	78.6202992177	131.247390184
231.495138693	208.69616689	181.055502258	181.330077203	243.732081471	281.239183055	328.16424366	329.866609919
213.703064898	207.061023685	135.146439093	75.309188143	90.3396311698	79.3120726304	63.8205141712	153.777513792
271.519128979	279.915919706	208.084326258	156.228351569	165.062564682	137.247657056	129.314019785	236.748348068
225.829451966	214.075883769	183.4557738	101.494729625	105.742889404	97.6684418548	72.5817310964	180.659639235
296.697815453	341.087627436	297.4940917	329.738479742	290.46493689	214.745994824	162.805343551	266.009361062
323.538065209	277.840310151	276.545197589	160.027921329	186.479100257	165.774451202	227.030713543	259.142652116
214.23285966	215.115847142	170.328661253	142.24959888	130.142831871	56.2169942513	68.5494135026	167.336308651
210.573360525	245.294465648	292.95627358	365.528194729	300.402815455	329.580711859	291.21972788	188.842006821
240.634243423	198.407727907	177.745771339	95.2647496505	118.879811074	99.1499019046	69.1478848903	169.926411636
180.600772995	182.729758503	90.7516917496	43.1978060496	72.6504093966	55.6577678379	39.7443355588	140.876059663
274.486737473	248.301442272	164.230604927	135.866775105	157.26615817	135.343583809	137.702232241	251.166130498
270.195694873	274.125492389	287.916091129	303.966119687	247.205983991	174.428088352	136.832768096	205.325813519
271.462593744	284.43818414	249.893091619	217.526741039	201.242695047	140.060527852	117.078884249	210.409532254
249.802403	221.498608379	166.134679638	107.485791188	112.546166978	105.195759731	137.633618361	226.378868175
265.030038181	228.044629679	182.88600937	132.464678207	142.230436491	126.240954124	108.787064469	237.361916868
271.427661768	312.559164265	235.83344192	184.533465392	192.194142514	138.001964236	161.295172826	245.965299978
241.141912576	193.814139961	153.661958323	118.891465616	116.813839855	115.349435281	144.710775286	266.43952819
205.666675235	170.868727204	150.129075889	120.840955235	187.096178349	229.536494415	272.288001144	291.91103765
191.559652864	190.715906486	137.02033799	88.4264858987	78.438894807	44.9637841424	42.5600910873	120.71446744
211.048371462	274.896472649	224.749715024	192.084312029	214.938195427	117.628417009	98.2433411387	225.216495783
235.230996894	223.788592118	142.796054197	89.8043218082	115.30361618	85.1321420613	128.948967454	194.504750449
176.225070103	229.999126736	201.478567219	160.605966472	100.013269438	77.7521264056	70.5900990328	168.258544593
280.269014295	256.005633873	223.14802244	273.422911881	227.879888138	161.807714782	108.713844248	194.518887206
265.416813473	222.601636928	193.306008648	174.017594482	135.970561021	105.997976454	95.8632190073	203.224922784
486.536986646	534.787457144	581.919476845	629.865797084	589.670155477	569.950061826	471.192596216	481.925827136
237.759620612	222.768422518	184.85874434	148.852398111	164.814882896	99.6600749613	61.652284581	157.172118702
311.007201285	273.414626691	204.490604473	158.758538204	208.15294153	186.547715913	170.337363477	293.450279764
175.337697347	144.598066126	111.362553626	102.974338603	222.09041773	230.109827294	215.880737785	260.78941921
164.805257641	190.304401278	243.892914298	270.901596117	262.642029025	178.588348065	128.747943206	120.376882649
165.917203353	213.080230867	211.551761704	244.272081926	275.39071092	305.282895107	322.800853192	323.395768057
106.410037363	165.992203637	176.745052859	197.59341255	229.714609599	140.051936856	73.5530196265	68.6180912814
253.928142301	226.918474376	188.351457664	138.776506932	169.063043608	84.7866092654	110.295191484	208.326641275
199.398638279	145.487224991	128.494585545	104.899144399	131.369207204	138.070115727	196.55344572	285.362561013
274.864798786	256.547676032	225.907942244	185.633811786	192.992059612	122.088005779	111.335156612	214.330969063
288.195109323	249.543939168	176.744657811	142.450098921	186.061940673	142.715523393	122.625700957	227.953105952
311.387642368	343.156097105	306.381201059	325.436789135	257.680548956	206.984640339	184.277196385	240.235815163
241.019652505	218.779729495	160.902765862	130.617710425	148.166060394	113.961356541	94.2173173653	243.181026435
292.223777243	281.45118777	214.577048056	167.53271494	164.762371711	151.691167627	141.810571994	222.853761973
400.057427835	429.967916501	391.124548022	348.79406513	400.881153081	359.118122997	472.563826593	522.591601993
205.940102343	227.382368604	203.624336051	160.842728069	125.57448765	69.1470193923	86.0092183719	173.922508864
211.711436045	159.036208009	145.094786445	111.776651725	116.623282782	186.359826067	213.467602682	285.176151907
246.065976341	215.990738837	237.270388354	297.878495696	335.742547208	380.333704084	334.406272146	327.926277878
200.083627842	211.991081596	192.395497264	117.857230218	103.359608695	97.8589338776	85.6219913047	222.928361214
164.010382124	230.303265359	261.03129896	265.122484276	240.673487711	189.234446793	123.490977774	125.119603054
165.19395076	236.062101332	262.483380046	259.832108524	312.179464926	293.788180815	244.503498418	146.916944514
300.734085749	357.919141219	313.886283362	362.568626967	475.282132834	415.461147155	326.443563986	350.688638879
230.598188567	150.82467083	124.108412954	82.3819932106	71.2982702575	63.7474256426	77.5219956212	154.430771616
254.596142404	219.413788891	167.683643828	131.183323444	93.5023269653	115.038246974	110.315538573	189.091427899
229.018024801	264.877205499	198.682434741	173.144416754	187.694120997	124.050203831	84.8552849859	210.808818021
202.018171132	179.717783537	207.335728048	211.407295831	240.565569212	265.367755368	347.260124701	303.787609073
243.009492502	264.554676656	214.01954814	234.12381586	239.45007305	135.223509111	102.656993506	229.792479317
265.89755238	276.150045162	190.254791699	182.837680295	155.229545209	185.87908738	171.358815914	308.310478265
224.694803584	240.327333796	192.889736099	150.852128611	229.216154777	173.760929236	177.69651948	334.754067543
171.810119958	178.599329887	174.027407639	179.001580767	206.76669092	236.199674757	333.406996583	262.70897724
320.265602265	302.363235576	180.689401409	183.74634977	207.561253285	231.879544252	267.428000021	310.02391083
242.341358761	230.901737899	191.824547747	187.389978971	165.177888719	111.678541664	72.6307875544	154.375986936
227.794059226	253.061625811	219.139958412	238.197847282	236.851270184	141.76768772	88.0590988735	214.088165139
192.452451967	205.157690913	291.808384847	264.082519531	181.287542659	161.292736355	148.067519263	123.912852116
312.010011353	310.664588723	281.623584568	278.539180884	253.772415212	221.912429707	138.001964159	278.594099826
272.91037018	230.762935152	222.571414615	198.253120883	224.887004775	280.003587352	343.339149117	350.624567429
230.558356415	238.672046469	224.534404288	279.946899195	327.697003371	364.694259534	348.339332087	241.782129301
204.778882071	143.941962069	140.518913218	148.747043482	159.32737947	247.301569535	298.272054327	172.259914321
213.889473895	269.763080405	179.305722243	168.709848527	159.654300443	107.136051754	91.5169486725	191.118157915
269.889514755	340.125807612	269.769439913	251.106091241	247.743942165	180.792611776	160.439613402	278.895269298
273.834776296	263.162919576	392.479124645	341.362197671	309.721878666	332.08152433	293.174091723	204.833795381
231.396359906	203.13545323	174.188394894	126.260638783	155.790928439	172.224283134	141.373150352	301.735571136
140.365888033	213.909095819	211.946898755	234.629915855	262.081076972	179.384210381	117.094210673	108.009231019
148.057707203	245.981229494	220.55113802	247.963052763	236.935500111	205.393153129	121.705378251	111.335157106
269.224463811	194.031816432	179.413228757	115.303575405	151.467623877	119.813258095	137.52007661	242.974502563
176.695998652	250.092041565	205.677669498	159.889766007	263.748945222	190.529502375	219.050060409	334.947325233
336.804239465	335.129322129	256.481566461	247.493772776	226.186666501	218.159890194	187.361601196	311.973399117
152.655177123	219.175824722	260.151734935	258.12902361	231.998528295	173.989743943	159.528732607	102.005032943
226.620953035	182.949372421	110.905795803	75.5376272935	95.606218259	97.9382737741	95.452899662	189.953611769
236.817768783	174.871153358	130.231129763	82.9127085844	98.4336998205	96.4715015219	87.474819842	185.624000385
237.278882692	237.445668721	207.394593822	215.31206968	291.680843545	292.828732113	377.262139629	297.891200553
248.934343297	250.749379549	217.941413934	146.193617238	163.794539966	141.857159073	183.082952815	297.25348603
234.690350933	251.910441946	200.435756164	165.688931256	140.423649669	120.524517262	90.5144281782	203.324602522
459.191977277	496.964496894	454.817059101	343.860841892	481.633998999	437.564526449	480.004846458	537.912945639
263.935354658	265.151916614	196.386662216	144.50612591	150.118016195	141.160578995	117.516082215	166.796702762
238.240726975	290.911516873	254.528276455	282.051570676	198.872732102	158.424039829	137.136157486	253.953625517
315.374395137	288.816036087	392.900864855	415.044272663	334.8688349	346.180915229	364.547092136	239.849364137
193.355062471	138.953104582	112.326067369	83.854563816	73.2292576248	66.8521115145	95.9417081051	218.235741485
174.007783574	254.919048666	165.894093685	99.2382015805	101.681139665	97.4722226369	94.2149726264	156.82873387
204.778880177	241.874116731	166.219239305	125.527055113	149.332807298	105.144353572	135.951795949	260.316480701
225.985312647	219.560229308	141.324336007	100.56808592	109.29045338	104.695878791	87.8460573286	189.457533971
201.493118593	178.913809757	106.645370535	71.8016594624	107.945030366	121.307736032	90.0975825675	225.381238694
308.761781981	294.535841798	209.925832844	187.144709196	169.318128078	189.008793893	169.327940248	259.000426587
354.367956405	332.621530469	296.771041614	251.411062049	251.438520291	207.588711015	206.52701456	316.513063316
200.587020413	193.859900763	114.397569823	87.5257186122	98.8291027402	79.8009775149	42.1565892136	150.989414087
237.71886567	169.990083963	140.967387065	85.2924995678	108.356895741	92.3948687099	68.7172539474	165.294834124
255.53885666	214.270062031	151.117551458	115.742993195	173.037880353	120.410788312	115.660620107	234.46056197
208.972487483	186.584050365	122.351768666	92.157869224	121.47459795	102.471492441	72.1885030833	218.840673648
235.61101285	216.224491641	143.426917975	107.106619416	101.259266037	87.572930535	100.297789759	157.015144238
265.8840999	275.627465014	265.94413671	246.508868907	145.318526646	133.997009037	191.56520666	234.201007771
246.268717976	170.766208001	152.343012876	91.4641309114	125.943296085	103.171609711	70.5193254603	168.819250911
244.373219472	211.111974416	190.553130144	228.360135732	274.65827678	275.035657487	324.970411121	354.217662547
191.618519351	206.325199374	142.720526387	99.3068788378	89.4173977529	78.3505963662	79.3513176458	197.495304245
273.915689954	228.775482494	188.250966811	142.626596665	135.678844655	134.742795053	121.113583401	222.029465173
257.350078847	216.532583657	194.884468414	98.1369637543	121.002996337	134.889008552	123.807645978	194.37843054
255.233002093	192.050203612	161.076895131	121.891787248	128.023655953	105.173854965	108.597890017	220.668871818
142.724674916	169.733812063	232.556831923	252.243945026	256.463260062	178.309740719	121.893498312	122.836208318
297.292731584	258.664526087	219.237452761	172.128312105	179.665128809	182.917097509	145.967327186	280.104917538
333.976164296	276.733887127	251.131821638	180.449534386	221.884568652	198.924191889	187.422562137	296.57226944
198.662809221	187.870720294	103.868991399	69.8150310791	82.3338592584	77.5460948395	101.48492127	190.215548344
147.737213974	168.133098218	188.84632792	255.831965033	309.403325399	271.793586755	193.306317503	205.579868677
216.060850875	173.081973934	112.348897478	82.1410325068	128.096098846	112.571897111	93.0937437981	227.545329664
139.768402765	199.323968465	224.118194068	239.595131586	221.436500703	156.297889505	97.2731715977	106.27926943
189.842730186	213.997395467	235.463849404	292.357804442	283.380743013	313.382762113	253.633807395	149.24483748
160.742392546	181.182176263	273.41538532	235.610258249	264.280831557	236.118631216	195.868479035	110.671782996
396.727153092	463.216260732	414.897114267	346.897116352	447.165469821	393.6268821	427.808386604	533.021485253
230.147276433	261.819662557	237.2322099	207.569104618	191.575559537	123.356875448	106.782334322	160.863434109
118.122653987	171.134150614	166.576187339	219.120909467	205.309727099	139.557895942	70.5294563498	74.6664027272
168.739283335	237.092474244	238.112815473	255.537144064	266.142828193	194.924824282	148.008654039	113.003025302
224.237172632	209.840234385	128.126376773	121.71960142	96.8979187524	95.5524937162	94.0972409856	198.31718752
167.130277565	217.146723466	244.990323513	263.670453627	223.406137041	194.139943843	110.157837353	124.128692023
139.973447951	211.436726412	207.178756494	243.391134468	270.744184316	196.357229219	121.59745602	125.953538689
192.800280613	166.940908396	93.1280509901	71.5914386293	94.3030879662	58.6403099396	50.7238251188	166.692177299
296.134850292	373.7043904	378.498884621	370.35082324	368.37813189	339.053691648	273.697666192	231.808051943
239.124152489	221.618685836	179.506075661	113.772664004	154.615893694	103.686223972	102.06518779	209.773979475
234.067003033	221.454804184	212.512773603	144.518569844	142.614844226	111.844010782	93.3558863697	216.695483829
222.721947526	213.495828724	223.80378672	206.479103557	187.40214871	96.7789849649	87.4081167296	195.355959333
175.023983079	183.544991743	124.575191165	74.6023357827	131.521968714	83.9196189266	65.4772559556	213.711757071
254.5295697	218.973599269	159.799985875	110.294369511	182.617671562	117.676785965	101.129202773	191.683795609
286.228525222	321.711185359	239.072691959	176.478428283	266.887596814	203.52999051	172.841818343	283.629719836
159.659113854	239.484383157	257.212849887	276.742462206	291.674857182	233.96943036	203.787298047	135.549430991
212.91104618	191.591699137	183.554580147	188.928795673	221.28707967	276.602800448	337.300802197	275.545705852
176.637130628	192.060014903	142.838258318	92.6452131752	87.3570877734	74.9363707124	93.9010215595	217.127100773
91.0308702006	143.086552592	194.988912684	185.023208302	210.417602404	133.895507948	64.2727492293	85.4549164292
205.177310751	232.3145191	242.930013753	243.459809886	209.199819551	143.250319447	101.955846279	133.812144108
256.758274006	316.890965012	303.373757896	308.039595886	297.138346354	221.275609958	155.953890291	253.567661693
306.57294325	315.861733683	310.586939494	304.463023971	244.098757282	188.160176235	186.067409299	289.573518573
253.470382076	240.034455677	178.035165928	136.354506422	167.747714254	116.51180595	123.870445789	232.877173123
163.529643601	202.253635544	220.433409766	227.085259417	226.241516552	211.073719821	113.650550952	85.6009199293
214.700231155	207.899895073	175.115503298	107.167063822	108.009097618	86.2260591136	72.5887767357	136.976882423
402.199115318	431.533003839	406.180479728	309.968996598	460.665528982	392.497432939	415.854709088	497.495341666
209.318537206	231.367001373	174.145334948	122.268751874	156.35280348	86.5189391783	106.196895523	219.551077311
246.761570975	221.820905647	142.212134547	109.88536973	144.00602886	128.776207687	90.088429291	184.917875354
279.142395898	289.787319595	260.020770066	218.412342758	240.467457723	190.735530497	119.527335462	234.315965611
221.149895301	193.552560772	132.079893394	79.9919354817	108.880376161	80.5971393021	130.433736045	197.038540315
238.498037902	252.521282652	193.692282239	130.060209598	153.921163115	121.560495772	117.795233241	219.560228888
191.205665896	234.30496564	255.401562736	299.69069984	279.719863431	264.883598276	204.202269842	132.720949007
293.677480301	240.446321833	296.157817866	243.942587628	229.46327189	165.294831858	143.163996856	211.679893135
287.412132503	282.265994474	310.972901542	310.930011317	244.647678879	209.199327481	159.753459235	217.030039949
137.333830609	158.402972433	136.19891511	182.346009786	241.764282227	272.745622366	239.110048025	246.184963662
226.256969686	246.22530446	219.042164637	202.555528865	166.626245722	109.875347372	96.2075904122	181.512974233
242.212761437	278.383588394	270.94257662	221.674465717	192.056853429	152.389753969	130.570102768	249.516486661
229.449400512	209.122134802	166.014603237	203.735836581	260.866611409	274.623969312	319.198153754	312.65397289
290.1052879	281.416876283	278.329189205	281.614145627	249.836709508	194.678623367	134.683163265	255.197276085
196.843631156	133.196884206	98.1243576459	48.7830263432	52.151160605	50.4487885597	44.1335382398	112.759266693
196.846186452	196.78419777	148.672933554	104.42261141	63.8029941955	80.8495967171	76.563593208	161.885155021
268.611558206	254.288121925	180.389497289	177.541964693	168.61340356	139.889346429	156.18546775	274.435278599
200.17090888	172.881111401	113.684643346	67.4169281368	88.7870815853	90.6993486202	60.5221011838	176.2180563
205.447014213	188.102953968	125.041970067	80.2402984312	112.265028013	85.2192785276	48.0416703448	145.690098449
162.839805731	182.427208927	258.559803925	248.929902061	233.464161708	269.340115936	189.786767288	113.943676656
203.656608417	208.307018143	208.483617659	221.826567176	207.110078441	291.504246554	354.068955126	234.472938044
244.499774411	248.659634926	247.982674139	216.852395696	147.547536013	132.42879272	124.364156545	221.228098259
205.304854798	184.868554095	118.546238961	71.9047737396	89.6430497204	84.7571752534	52.5084386318	111.855138985
245.52992995	218.893082433	148.793529922	103.819937617	145.958153265	122.539313008	121.214828299	218.755728193
320.485262877	307.937134404	279.280538316	266.622577898	337.051361161	219.422938968	174.676184814	259.025969973
291.935929772	293.917752383	270.773615007	200.448413986	169.426051847	179.658916995	168.758903997	213.918905793
240.748352665	225.179888834	191.489395705	210.490064378	186.437195541	321.40051884	296.661204805	308.13848836
175.354852784	225.495449378	238.120655468	309.789286583	313.786124008	270.026746834	239.66450059	170.929168029
253.690042893	228.904966726	197.383630433	143.163996856	164.983646726	144.665011515	106.691132693	244.821235247
319.927389201	409.15878341	353.060336954	317.805137454	369.812407635	318.216680809	363.728080614	473.262070515
213.064362114	225.709108703	205.818045464	219.786175485	146.709710432	115.481142687	89.5138239042	130.344973141
192.74881778	196.582695151	171.581014333	145.747372081	88.0934067492	74.0701641587	94.2430493337	206.214563814
268.52578625	291.503319458	256.77542834	216.266699161	174.12835559	159.624805858	149.838554526	245.385294404
222.356299058	206.857830168	135.772429796	86.7382562625	112.546167841	103.411762166	96.9447735241	187.002290642
164.432257453	224.985711736	156.141966566	129.151921499	108.519403087	68.196218175	101.416242147	206.688204758
173.968540439	166.983114613	118.379451313	66.7932459056	72.7288966282	55.2358953352	41.3239055881	152.570762415
178.520247875	220.539549757	148.957552327	75.1331829097	118.754178591	91.8640226454	114.132145619	206.975492132
216.92711625	220.623766725	197.14877161	223.617108855	136.467160303	87.2957546786	128.138983337	220.383614306
197.639902358	173.422285554	118.845704226	72.8084379875	92.3399541458	63.3081041374	55.3453961315	149.708059836
210.053374805	216.872015205	129.97604661	106.23344018	92.3508844444	120.940120368	91.065643585	195.83724907
143.777215586	187.938208663	224.703953071	236.931744774	258.357839085	184.82634986	115.422653966	123.778921345
208.248153357	165.334866695	153.816760386	114.916169201	124.089448997	182.896547606	217.951225555	276.88586821
184.652711937	227.840708781	201.74346331	198.741301173	129.662092909	91.0362118508	95.5198346694	204.284511923
254.528273097	252.229665648	246.071450479	189.27517086	166.151832629	117.84669461	157.111772309	248.018406418
152.904335845	171.662958049	240.202563169	209.101710587	131.212232411	85.0613164559	108.215260787	201.782707269
156.667349279	172.660891426	155.682880785	179.487602482	243.574755652	152.939285301	69.8971185515	92.8142069529
200.654444303	219.707395156	347.907650625	265.946607631	233.442786786	181.493572647	196.435718564	214.743032003
215.993557044	206.721818597	176.89732731	122.792017378	113.552557861	70.9703483807	92.870692191	123.865246925
229.078868277	207.625317977	155.931786864	115.477568812	138.047727751	117.93960049	105.263336745	234.927343279
213.685048181	248.198517949	175.612163616	143.465914744	173.828165066	137.873771284	171.023517249	291.589087336
182.425618288	109.314093528	66.0181767031	50.7032157569	38.7338032894	40.6567581506	44.208337825	134.528346823
254.702454448	275.279419036	264.64394952	220.157363937	176.79242458	137.478320692	171.966924634	270.736344016
226.708360762	186.482956854	287.636803953	270.960880305	215.926673684	291.270365465	338.991693791	198.912103128
197.969392405	215.487348569	195.717868114	211.231419506	164.590087891	101.767067672	88.0199561791	107.588081437
321.625416978	323.152110478	307.662206182	253.945047103	259.331342649	248.164212833	188.228789443	193.640818518
291.062748751	230.018748771	191.716629687	181.336598238	163.68662004	140.336454762	124.138505455	209.503962235
176.244691588	175.528489367	177.39258065	238.328660265	213.487221478	302.777075459	304.248725287	220.766983801
206.649279789	182.168878389	130.124864402	83.3652939278	89.1314905623	87.4342430675	55.9573225768	148.253553924
171.849365344	136.4120566	99.6993186182	43.9728741543	44.4143679228	43.9336299347	18.6997538916	73.916027371
317.911616487	300.869305305	300.440455887	247.272212958	250.222668246	204.867988155	160.568264991	250.111168627
278.783768564	298.982382816	308.751478279	338.684885277	265.515297752	207.158020907	177.404733862	269.563592251
186.006630328	197.348139921	181.454330774	182.180341323	209.592260786	271.656603038	311.999411713	286.049335178
254.236663099	212.046858206	173.382163882	175.963814454	248.061289709	318.409080409	284.718988143	285.036332568
178.844605041	161.096519745	171.898420814	160.390127278	218.265178324	250.7886223	307.927849639	242.459087344
230.607281355	223.213990158	163.510144792	126.114834432	155.130508159	131.61263088	135.300700302	264.151565468
223.884412219	233.382540641	192.772222816	215.105840788	176.996835335	111.202091811	87.3951004258	163.00320239
194.541391097	182.825338927	115.488045794	86.7039476791	98.2913490151	63.2889927318	68.9926351151	172.370091708
233.067992951	183.166210324	126.163899278	86.9281448492	123.824991876	92.7335140399	96.2609216914	180.568270209
215.939976315	214.988304083	205.903325362	234.45331557	261.306008318	345.709990577	320.937224024	291.366888252
294.85815911	262.778514836	226.571072265	212.805657201	215.322605927	151.575178313	133.022983935	207.094474076
231.485983829	259.620888652	251.566652772	264.78291884	197.749732203	158.128394722	134.789423591	277.184606667
208.676133642	180.020690894	129.708556889	92.8964742025	69.1212901469	74.9878929666	76.0685833145	146.84521542
200.257526321	192.258209177	131.046036586	92.2758852555	99.1585950403	71.7650495184	55.4460747994	117.152484356
189.028416037	233.65862598	232.157544911	222.807667684	285.784437221	331.641017777	327.520404624	298.048183963
199.07857643	223.822950255	299.213957301	317.002463527	315.295655353	331.651820201	252.63277776	214.517008176
195.717866936	176.552455467	119.825026288	61.6057319897	89.1091059486	77.3572498296	59.5738690267	148.335178401
181.156180465	221.20768277	206.856505938	233.984629228	240.318184155	224.575818823	147.218571093	86.8118204718
201.812144492	247.590238667	218.490831444	250.945595007	220.119456559	144.368773316	102.956568492	159.271673353
161.547822801	153.02206882	72.1991037602	65.527626312	74.8284507038	65.6944150856	42.9230975144	175.940549892
161.597494545	248.756019256	218.342308668	264.777680403	261.484147798	221.541495749	169.685517797	120.239652718
157.986616507	220.04911238	198.298079101	200.956917241	199.961998466	118.824463035	73.2982433247	117.658002218
264.984271466	229.115481588	163.876188291	132.611120237	194.436513914	152.728396473	152.151787265	264.270372429
195.817625746	258.941556423	206.197653901	155.474817839	194.1988128	164.294900963	186.732643292	314.206885029
325.802887782	322.233398796	302.802559053	254.028685192	223.056497868	205.071760293	191.855497015	275.857486187
203.667220949	195.313315673	187.902867275	191.968319875	256.243658822	319.910034468	304.754641647	250.548590318
234.218160161	228.677483613	163.878951259	130.017323668	145.944640537	123.164376025	144.863950957	254.691237971
261.577580424	228.065373438	218.365956978	184.773058829	140.49627523	198.257019765	279.281840398	298.591905989
164.801298965	201.11358778	186.314313358	202.783951844	116.037933711	104.31309744	54.9122485099	154.988911465
222.339143573	234.852853115	189.455289685	133.302280642	129.485555733	127.264139859	145.927488219	255.120081776
238.670728952	292.158156376	258.723939448	276.543928569	262.064611499	153.167719233	157.881276175	246.093437912
387.115739246	455.466892524	457.608585127	483.629250955	395.700818567	398.92250952	325.308652123	374.164895691
224.566665061	177.513471053	128.657222364	119.129433395	122.946040621	138.450438967	110.709096665	247.475470985
164.022629859	212.119216868	258.604954355	272.654100405	291.114764834	273.807318873	228.236835505	152.096870166
238.259985999	241.909671317	231.068524642	215.302258389	204.716195415	140.405132266	103.584471284	151.275711938
191.412487661	157.692101787	116.878367966	76.6925382546	111.737407273	79.4592390541	75.2601334826	204.647518789
292.215205355	320.458956305	362.794568908	376.165969081	359.621111216	318.889382752	238.823958895	247.812561323
212.430400772	148.545689525	160.828394743	88.0199558591	108.521640445	77.1558936202	65.8982730072	170.832117682
210.854668215	165.551449386	104.689721113	92.0730921907	92.4418976742	93.5912051531	63.4004928781	175.157584304
167.885724184	226.967530944	220.747360229	222.022790923	215.606399317	189.931026761	105.477994905	101.475108195
261.012991026	265.530817852	234.85074283	237.0982279	225.624630678	143.26002089	137.058486427	167.852838186
179.472114768	153.845008133	96.1291039486	72.1860656738	115.376892551	75.0325063155	114.40672292	218.690739164
285.928331675	259.031151298	200.896880336	157.043157614	252.358318209	196.951503346	140.644111969	247.846866632
193.472796241	194.13994442	135.264169926	84.9239613375	98.7280303626	70.7863191152	79.2532074743	169.327941236
189.214825143	188.920497592	100.160436095	76.447263649	97.2465706695	71.9734511341	69.5108911528	159.310919014
208.895681587	155.278599581	118.379450105	80.0380868157	77.6049603524	76.4766961242	50.1047453846	123.235893826
227.879825856	267.144909553	239.64734165	215.211736955	252.238241999	172.292899222	105.821872183	197.380351277
164.141611138	202.692100883	293.412057864	268.617832619	220.795821273	215.624637834	227.266667513	132.821628161
197.10589019	214.225393115	174.497164264	168.844979676	136.192697585	95.8040446155	74.9621630015	206.540485118
190.931090899	199.497864794	229.902597107	185.979567253	259.154108291	300.935443545	312.302895616	290.657145507
191.481165824	186.624723256	189.872162304	213.006487181	221.139799489	294.50640957	306.426765826	290.385796636
109.618232562	157.868700755	179.295909964	213.467600761	233.305428923	168.337033224	105.909679193	92.6844580671
269.383209572	274.852547096	278.056229566	207.892777741	184.420779839	159.642776126	172.118364405	273.431100109
190.061599104	196.413461685	283.673754967	306.161544288	270.246983983	274.997151215	212.467012137	169.120593641
280.672910292	298.911547325	295.732781829	273.805214532	213.497034745	169.229830186	180.21814371	251.298793436
276.167813499	241.920226787	220.220653366	194.995971152	174.591509021	138.439847886	148.757866098	262.298952403
249.086156586	215.32379349	173.968133735	138.495064414	143.417396907	136.719797507	126.568495496	248.327631663
168.553366655	175.174736167	154.607315591	115.359391698	100.332651486	73.9758184421	29.375904947	154.084126023
250.003741148	274.364437844	243.165480689	264.847776015	321.859458759	358.856716348	381.922365696	314.354047926
268.997518431	276.896848907	204.250451574	169.728403247	169.067978865	139.100270205	152.977703262	198.752654549
303.598830409	339.723901224	288.661889403	327.130005497	305.685607757	215.038874428	197.43854492	302.363238597
406.25368976	464.152650872	391.737770644	409.393013769	419.762843599	346.194740603	292.991040582	381.779810963
171.162597492	218.14744727	199.634101264	180.277010499	160.076172204	112.924537988	61.3873877217	124.138503754
230.264209196	252.221088721	166.006025158	138.156809729	186.376178909	129.159634764	126.49221629	237.245809807
166.65855971	271.894438571	236.593101655	265.853765091	276.489011726	254.403940905	236.876829519	137.937896882
198.216673857	225.838221533	197.167649309	220.221917418	181.827727797	123.13093208	89.1426311922	231.002634353
244.509587569	233.158267563	212.506122397	172.673488041	169.004178466	131.045442238	161.793098669	284.675793902
151.530796737	182.150909973	206.874613151	218.245554862	248.414364383	201.763086223	120.331836618	98.6691650281
162.440622892	215.459234224	234.855570292	264.759473732	272.510162463	216.881827704	195.278018759	119.301683714
277.022404597	276.271949271	225.62034634	262.319963715	242.388554048	215.622362735	119.176927555	214.371605032
188.822231273	165.566696732	162.312509446	123.644683394	110.461980022	57.9692690612	48.6973601245	150.637842249
179.818447384	174.573339383	135.396414334	64.4583456841	73.4315148529	76.764175652	82.896916508	174.524921756
146.507570226	188.086561354	245.991042322	246.334431381	183.230117523	160.399936978	127.827438354	106.802477061
216.356840402	236.739541739	240.42801016	263.556480664	238.551745216	347.064234996	348.071009489	250.761229906
204.129049365	237.81038635	193.475494948	182.950077287	243.539877924	279.701555495	319.048313935	302.720185197
176.762961164	196.413462184	164.910424815	178.8314348	148.014841067	71.3714896849	58.5030222131	127.366717089
215.54753036	165.128837311	184.309325623	193.629773257	183.946319031	240.41839885	317.532813861	264.76928656
204.799373507	220.838189131	195.339044343	181.727494774	142.676838281	104.209413828	83.2388778303	203.478531172
234.586969915	257.81323223	223.128219844	251.311935521	227.493865535	186.290409112	97.9139636058	206.428986555
265.780542566	288.698499846	283.664603009	223.678870489	230.396833074	179.755843092	177.5592338	315.002892411
308.604807463	303.767988356	222.817478207	221.591100899	286.804778065	217.951225445	160.429368438	243.832627989
159.546380791	209.346986839	242.115703665	283.812425902	255.949205357	209.209629635	169.200396092	136.627899389
232.965935113	208.68471208	167.46410046	161.520303138	135.806736016	84.4825289744	95.7611613244	168.381827204
197.956420679	193.158846409	180.031736305	205.020336124	276.787756062	282.183801335	317.366024868	256.54767658
205.16328594	200.577865805	137.681625264	96.7789334803	130.15823948	97.5477485913	91.4704635415	206.069385093
215.606333278	215.93582522	225.912088484	255.154447824	278.822910386	161.945004047	116.539264653	210.572439104
246.903405723	246.886255804	246.234407485	292.6011651	234.972930524	159.401807629	188.640479994	143.5945686
227.211750159	242.954116412	248.683603581	188.331770058	177.220590169	145.17755342	106.325031306	152.133482555
261.48260284	205.932760005	189.872161207	219.481743353	257.460101889	259.67738485	344.316827129	301.236752627
193.502953549	219.075146361	231.367003729	236.098864562	191.562615209	113.619605506	107.185369095	216.292773356
197.770011408	200.262004496	234.777083802	295.47769692	305.504533507	324.900867051	300.324328965	231.470773381
208.76938706	186.492109107	146.211789893	87.9284316709	97.1175787497	102.673169642	70.5660664091	166.420594798
276.387312799	262.727175707	195.386434715	158.527682299	178.130320288	158.261030741	168.287098719	260.898713139
241.5720817	191.471089357	151.538568228	109.262995778	133.498916831	145.040266971	175.673809384	251.163941863
186.153179529	165.568601452	113.952780406	92.9565133149	84.3109909633	65.0729892419	100.83868912	200.073498228
160.996105258	137.744160466	97.0227808872	66.5179347779	99.5521534009	83.9645119839	74.6088802029	214.387203664
261.625293194	231.586665211	149.058230893	121.673836881	178.904656634	158.595173522	147.273486579	234.762594901
212.967241685	206.982535987	182.307884271	149.185972173	209.190009851	123.039673757	155.317841084	286.873458204
278.063359955	228.759342284	183.06234687	135.009084781	181.706686483	173.112779019	134.468433936	238.297369376
197.053810723	192.266044397	118.556047371	88.8483591697	100.425331774	78.0366447778	74.8284507038	164.608852579
134.469479677	193.149033581	205.991623583	243.724708941	291.592543129	209.317551757	223.739712612	146.281916611
208.316829325	168.307600172	200.752554255	165.305434522	172.938386547	230.499484275	318.690512458	233.020912116
288.369006317	267.55614026	226.589378715	161.633817481	193.631088154	160.819241722	153.369076057	207.753452173
274.145963323	269.166984507	263.474102148	225.58260115	216.448368559	158.293140949	147.749416991	264.901903088
310.086267814	262.610870032	228.998405511	199.280905634	244.686185	248.355494108	253.849651419	362.00604775
160.556911276	245.922369264	230.519109493	229.12594846	272.029423446	192.962624584	154.709559873	128.308175066
255.566312239	216.622264888	209.76701442	262.073767643	312.202215208	351.237791484	322.727636657	288.597820768
294.006048957	278.691087462	233.079779206	196.425904528	219.314953317	164.981672054	172.771598651	280.977047708
198.29980359	205.922946189	197.191163756	176.431101188	218.029715559	276.267771988	327.549836742	251.98556299
159.232428791	197.200974389	207.561383035	247.021202966	301.197509766	281.693253112	243.744329	174.596444109
245.928689739	224.420226641	227.330733741	226.479545849	260.746646958	332.054071823	354.441179212	288.304939833
177.394487829	220.704295933	242.752758973	230.506664404	286.831381267	315.268316947	326.626616203	247.557843509
158.400809765	151.885220263	135.975060013	58.0910304387	51.1776868237	50.6662890646	38.998836875	116.201001379
172.735843838	219.020229877	247.960554187	288.808331483	303.196118553	319.881189743	267.656816316	212.311416421
245.763943461	199.644308205	202.042271454	178.30058647	180.048726229	269.75274694	295.151037536	299.919509068
189.429556985	197.105886039	157.978040215	119.905153682	117.169118929	73.9843953451	75.1508543746	186.822179806
251.800819061	216.970001029	216.635501886	212.218396073	173.433624843	153.578087477	158.810001205	303.416642291
217.450867029	280.064625692	255.56657717	257.224634843	224.357803894	167.238200675	129.828880749	194.522570878
209.104978765	195.141777614	131.278131713	88.1019835202	103.729107635	100.675728504	124.390876098	204.636412183
242.684739696	227.399211856	285.019177993	262.69916979	245.765390849	326.43138419	373.484905874	244.382043303
145.424672888	143.209758682	125.627733781	154.192803197	154.879245732	190.272108961	273.962916022	225.207346667
281.138506076	238.423607845	164.086697162	160.892460151	165.596866326	134.917559169	143.905353213	186.080244743
244.038659185	243.538295499	195.788191102	165.540897946	140.650407201	154.444664221	180.149467633	281.467600651
235.604626547	316.50391178	288.268330004	220.512090952	219.834810091	169.01991569	210.73718272	293.97036139
219.295331337	205.187125336	138.38406759	129.308897307	151.79569667	103.633527413	108.332993651	229.008214168
263.126308876	242.029707531	250.990040414	215.459895294	237.572423641	157.13076859	144.729081429	287.627652674
246.221573388	255.941564675	168.992455911	157.2131405	182.519907804	137.095862395	121.326040434	223.550735064
264.914908931	236.825542426	189.360942865	171.03209228	251.114669608	183.7344916	198.675462039	318.023114762
193.760895447	227.854099034	201.883225519	153.320780082	149.967209426	109.038211562	74.0873194716	158.904347024
231.996742057	215.254620342	246.87767547	192.311397528	276.536616967	319.96149934	338.256030629	268.997518144
289.542043453	243.047745849	219.050056293	237.465294049	234.512180795	316.924527614	329.492412155	349.173264812
320.146618734	302.875780758	236.831066772	179.536181354	266.045969509	244.729709702	291.920188648	329.921529885
168.844983803	203.032529387	117.246311212	91.2325547176	111.525515502	79.6365766705	98.1970018351	202.93818463
159.222615743	151.491554864	163.137204342	149.323326276	159.732790446	87.0137037648	102.367910371	255.223187563
268.855798043	294.354769303	253.442923834	214.480572489	162.31110464	192.395496394	160.297546848	251.960210583
170.088634587	149.838555438	80.279844416	45.3889891427	64.9271820236	54.5748556005	46.6583711756	132.298784556
188.528980663	176.31546793	172.764626557	159.659115677	213.307665987	221.944609948	268.01117476	302.661874447
237.554118009	227.028699734	323.560515641	291.499175616	281.962229889	263.739525917	202.472439145	170.832116556
167.463983369	198.234814279	222.608023624	241.443946787	213.180907435	201.117864929	169.66059302	79.2243668217
264.380204527	210.618197755	235.577171479	234.671067462	251.758854348	296.487309705	361.781511345	214.535485236
232.886321612	233.307344065	202.243628739	142.59653816	156.737209602	128.309427633	135.503320732	250.706310093
180.82730077	189.657253926	129.127531073	105.273716016	80.6047137809	72.5366235658	50.7169727613	129.851297879
237.632079419	229.135756074	213.516655901	185.182507192	231.421722851	250.082230163	340.107906753	303.983827358
224.15480446	251.868684653	171.04262512	144.390436365	190.189737	108.439269072	118.287399292	193.219227272
152.227377967	195.994221255	155.661226177	105.330829099	88.3578099313	45.9056396484	67.7743451784	125.610154516
169.429887303	151.937598031	118.850047937	155.33549133	95.5523912014	45.1401633364	38.7253079761	86.0900993667
245.992758732	227.193444937	133.160272381	127.10129373	157.20398876	155.977549611	109.162319004	203.772101229
164.123307401	141.498235946	99.5979151374	75.9019957677	70.0443723026	78.8857229348	46.513196958	185.485333334
158.269654856	132.616128238	58.1600035901	31.2799778344	50.9554010307	40.5430374385	39.2650779868	120.445498029
182.102087574	155.658673033	130.312695069	130.675819216	235.384316213	257.631645519	235.521495977	210.288490521
281.879861512	243.512418606	146.614504309	187.892447964	247.923943948	237.892765583	275.619523221	293.549344978
218.393769414	195.664965168	201.248531989	162.944070108	163.827490321	105.195757668	73.5984345922	184.51498749
280.790764287	304.617407697	242.083185736	257.778923083	271.939397272	191.685285556	151.01359155	245.119411732
156.526700692	175.637200068	187.498890845	90.9304633173	92.5870726413	68.470135708	66.1636952138	82.1531794247
196.893290864	180.512413883	126.10047091	83.4617757854	118.539446362	87.4561266024	102.642732699	206.939691668
299.568882565	279.564266946	288.95338912	287.736825408	274.099547681	181.346409859	185.653434808	303.542332382
248.944155796	247.364587249	207.81647003	209.111519793	253.241370771	309.968538572	354.785155372	276.787753757
299.287987472	293.851376322	290.226971415	317.053063207	290.135447611	229.234461023	192.239905953	196.047363384
174.342778236	163.407222436	119.587809005	130.583400894	140.026576876	175.080390306	268.731637055	220.958261934
193.750072607	231.248020556	195.983291626	206.243286952	207.140236362	129.435188857	82.3179255236	149.607383677
201.34121265	213.850229606	210.455627551	169.798868303	229.018027765	284.096943368	325.705369689	247.757027276
233.497700193	214.388356287	163.227107054	177.156000773	236.774077649	174.051162936	156.245506143	302.661875983
220.060591554	201.674786684	242.694551207	283.459233565	268.86047023	302.865373461	342.962912031	208.768135675
265.764023163	285.293641552	303.81117786	257.856116865	247.555253755	202.698031252	150.190209401	214.705700952
256.408343322	236.318525686	220.429719707	257.094787598	185.704993126	151.41043288	119.166042763	194.537190636
236.849373888	232.858866749	215.121248232	123.632481415	135.009085226	150.696536583	130.798917425	218.599213363
125.904482286	169.896978419	229.302547647	215.037362298	232.844316222	214.448702696	185.427781249	98.433699848
292.092906595	265.240214067	241.23271278	212.28047268	177.569177092	156.495160219	170.760346008	254.820940525
200.3124447	250.916826696	281.8524003	286.373752568	329.408984703	340.877111448	270.823592013	214.81006054
163.544453555	178.785614494	129.717134656	85.9406032202	84.9285287437	68.8039432262	64.9014511228	180.86122676
203.6439656	241.828353472	198.381257435	150.861280352	150.238905734	125.225020799	90.5918193536	201.877524562
257.631644661	304.821478217	290.369190826	218.277192832	197.030470177	189.711529726	166.116612496	249.521899793
210.810402275	207.945659253	170.502628352	107.551471531	120.795193461	101.867744702	82.006739162	165.340595629
224.547116297	216.921532896	200.379273477	179.568296331	155.126092324	102.00525084	105.539646623	216.62296566
145.134031008	183.740293654	221.179039331	235.346117088	242.586630842	243.979791106	154.689938881	117.918334851
159.226700341	203.122271954	167.518898573	191.763968858	192.834820946	264.746307527	293.338837182	259.630038985
197.099900367	205.154133483	183.096518933	227.577850547	229.747003747	133.663661778	85.9697877513	203.094815504
233.783273172	276.910031619	193.155159509	146.696875655	201.850067907	163.766357832	122.653158073	212.723281553
262.568001305	226.955477747	258.019189771	205.428712525	201.969052104	139.457219578	132.785019126	170.209745266
294.213622591	246.29444319	239.733113463	223.720029291	202.080494407	178.759885728	146.785176403	278.569346686
255.854155768	254.230672362	213.044640112	152.571595046	161.901225822	146.027142035	135.420368497	222.157806962
227.399214491	197.603225928	244.156390952	217.431246092	287.177598144	307.555030439	341.765965523	280.300089994
245.212842772	252.717378515	309.856782676	304.619743979	314.101286984	241.387948166	169.876950145	294.960675392
164.706964616	182.572780582	244.352609703	260.658480637	234.620104234	225.770590144	158.781124197	120.900875613
199.005266957	243.215959133	265.972697018	221.030617996	219.118353263	151.990927712	127.093368317	151.152882411
238.57920182	175.948387709	187.746007113	180.02126343	181.924994449	188.084649873	193.548717524	319.826276024
287.560227922	277.523582733	249.130566769	161.518391561	162.460245146	186.703211778	199.692968245	215.989024046
215.862602797	161.002293119	153.771787195	160.810088753	149.9643313	158.137549074	208.824303237	291.517482476
288.387312972	290.529004321	226.827345291	198.793122055	224.383616223	230.34191892	218.114125527	342.744230898
271.793763538	271.903594049	275.546303051	246.843946521	191.699904064	168.379237335	153.771789653	234.98225792
225.555138812	268.828339289	212.11921272	175.124657087	136.226372712	146.101962147	126.259260011	180.09448511
231.525011267	217.844849736	147.308369187	110.659249504	197.603346819	191.779628922	208.967751413	268.379981275
305.51171025	335.449665454	302.271716175	247.127674436	278.630709706	203.259559171	203.524982222	297.677138156
222.198919894	211.297164195	227.895915556	198.442618601	202.154539938	123.155140081	92.991733472	169.755910095
327.084242187	271.912745738	236.034797924	238.991063777	231.55005336	202.454133283	158.393816545	245.086658555
247.951400962	268.471392228	259.337157589	199.598542949	229.344292506	167.482287618	137.105014391	166.8233065
231.137203299	260.530938347	207.276866446	225.829455479	287.854557943	318.170529153	351.312063423	272.147154884
207.609450639	226.620951071	145.588065176	102.747636964	134.290908227	140.496273786	111.656249594	216.275984409
267.32014888	245.716338398	216.106758063	227.762219381	181.7584714	141.11152111	167.718936865	278.70089815
231.907000702	242.862590355	158.503650332	140.665353327	213.190061889	195.141258189	153.607042607	279.225620603
215.321880094	193.747504584	199.477126307	158.457360741	160.99840617	130.319430509	112.247579945	263.660646507
232.15754568	205.108635333	156.436293897	192.638863982	220.884712384	286.157253677	290.336737104	279.377861517
200.843289779	200.9439686	177.714826341	163.308731694	103.249779464	95.8636814604	76.3962337315	158.915513263
250.349365951	240.702590635	209.300234391	255.950717081	213.528706903	159.345683463	140.628744471	282.273415892
204.367015736	167.793475772	193.484648199	217.857858082	177.275504195	132.90400299	63.5277641604	163.976866216
229.463276703	257.936820318	215.221926491	237.023270063	226.305647933	179.261606101	102.554187493	231.101577964
194.699170559	208.179479146	168.807957821	111.246858171	110.010673029	94.4210032731	85.051504835	178.177455875
205.854273515	230.744764369	205.520696626	217.274267293	251.642178103	290.84690802	347.505400074	259.598896822
185.260995988	174.616066082	106.439471012	63.7224046995	103.49617379	74.200546937	73.4352885322	158.879233621
307.996709332	286.948981327	257.684576742	221.978915904	195.57062257	175.14043057	188.563286931	258.962538425
203.101146674	188.837748833	143.791837008	165.114026244	156.785849565	102.399687065	58.220041215	106.285024343
252.281128314	274.967042743	270.215437115	298.579268018	330.24521018	262.178876241	161.091456719	271.819317512
232.549983073	216.214681721	168.641173768	167.228387627	246.717060336	270.763803386	296.772748988	278.946172152
250.440893596	240.464625928	263.41003889	281.431383939	224.740564538	158.50364982	150.971109915	259.227328614
255.605822721	248.335871196	200.203138612	171.918045263	159.909386504	143.701626236	117.702491266	201.606110607
233.550707426	216.901451495	172.035774396	115.475396246	139.531952508	108.696000408	118.713023398	191.206455697
216.440334512	205.520696626	175.165482555	143.073721577	112.306445225	139.973447896	205.903324923	259.265318287
211.907654577	229.224057644	225.446821473	213.094784524	193.129411656	136.215836696	103.025246298	237.916597545
214.654236152	215.915041846	170.766208313	145.481487394	188.846326432	110.20467204	78.4786946998	155.662275542
210.768898826	275.490238214	214.997313397	185.415565251	260.729379378	306.092639899	323.169259029	272.351087462
176.296181135	155.474158933	90.8206329346	50.5220094975	53.3409906426	54.686413989	69.605049991	106.160285233
203.924529358	223.282602754	157.291887055	98.6344236458	120.702805237	108.506443096	105.530257099	179.360268167
311.515773543	264.929358514	236.263610993	187.224310856	178.950417743	197.035832245	256.225297966	284.460874724
250.977439161	274.177966136	222.570723768	188.168750835	177.825001267	146.605061969	192.62874181	280.053152936
306.857136925	228.904969491	182.794484798	185.68668473	183.764654275	180.369061464	207.423967502	275.89409704
240.685146116	246.663253112	221.447147873	187.739906599	152.051398175	143.037068301	115.007737933	206.926446399
163.857884349	114.727062609	67.4908143626	43.3372667556	45.0121811732	38.5504892848	41.2321831364	126.195192427
172.192752152	224.181208878	241.28176836	250.670891302	215.871295517	184.083676071	148.018462696	111.629487758
145.676827786	217.599365505	203.994359395	257.615505467	264.393799009	241.049031365	172.983667859	141.706684135
216.73209376	251.109025891	187.883296019	130.734851351	145.442977982	124.822312067	163.601614446	234.057849346
173.232717089	182.700326769	102.809404195	68.1275408628	82.3338588879	75.6918174414	52.6556033402	116.770448671
154.493718868	149.068240049	171.545226612	216.479575727	244.195630739	245.637849437	283.469045296	220.982823214
165.742488669	212.733969491	249.539394272	248.198521619	219.659270814	243.139771659	185.817481952	111.30764259
188.727063061	220.512419119	200.51645078	199.435151862	250.796870486	258.140012933	336.639114199	256.38088917
146.821521238	170.6720485	113.032459286	119.174142193	142.504682527	160.213529683	207.325921752	258.62760574
138.845184326	215.724128778	169.327940248	246.157832962	232.451879158	218.96175862	158.359250076	113.621119986
199.153363454	187.497901203	167.336311066	102.103012497	96.4028255545	88.8777923035	77.428363114	152.580575024
198.884645859	231.925307357	136.24467778	106.013843588	140.537219156	116.438586715	97.328086597	181.897535593
215.871296231	226.692819554	177.82426255	185.516080623	154.827293341	102.662239102	112.090603643	221.247721391
194.13994527	195.032747337	153.659784221	160.3018273	182.298075504	196.867399476	278.200539568	278.504679838
266.047065111	245.230915381	198.718346938	149.238172183	241.276957146	252.315435542	302.241606898	279.289804423
239.106996644	214.439814538	217.930613392	173.605163094	159.110191201	120.436919974	133.919818902	246.76617614
259.254784398	241.233434792	274.182575815	269.112068842	271.345289397	348.107624643	382.054383758	295.599516389
235.699313651	299.372660136	244.784292701	248.159277168	223.465004351	152.580573267	195.101422152	291.916307189
260.089446363	328.717345862	292.308745021	230.067803307	249.601492847	168.641171407	219.756449473	261.806369425
165.818044279	158.821877564	121.145860943	87.6578624206	65.8543514274	54.0407529075	56.9376671921	156.207390712
155.236194483	148.298570082	89.8596173485	62.081664527	57.3131905754	54.704719057	31.1003238755	133.956542918
303.379170795	345.206267286	355.795753658	416.110975944	397.430644042	332.685594648	309.081201694	273.505283535
133.458948314	148.597312872	193.502229375	263.258395517	188.557488311	169.190588203	153.061313437	103.309763682
289.816754568	255.821663067	228.674644196	198.662812377	224.769870017	180.443795513	131.290718463	225.348714431
155.087622205	185.750064298	219.94619204	247.778251984	230.410016906	175.766543022	125.763179803	118.532848958
195.553122552	185.274822056	132.565358156	87.1138549907	133.956545273	82.0158905951	74.8219958952	169.614828123
241.919486506	246.864222904	199.594856098	249.061887233	280.898562205	319.651984674	335.320145312	321.447398783
271.862638185	233.658628395	197.40700767	211.485782212	301.089585448	313.029565056	327.922653637	266.515644979
322.938671524	245.775203074	236.121187169	245.451444118	250.07241986	191.589087946	200.988018777	318.307882515
203.813584801	185.98701027	192.952812469	169.239641807	225.103439002	228.870861246	272.519974304	312.362417427
175.124657548	159.940598763	217.967686954	229.023953022	204.55006675	154.998228956	131.494511752	85.2192797565
217.284074742	260.334719322	278.661655673	332.023652221	314.452162269	289.728455578	239.692387313	192.030580919
217.012888111	244.561909538	237.914808741	252.555583882	249.587977859	193.194818893	126.466486997	152.231512202
274.900154723	285.955227508	248.521295491	289.01353107	285.834189533	206.786372743	160.282438572	210.87755754
217.578407013	177.50049871	249.954686666	231.235312482	228.674642988	270.744179925	327.294755675	186.860188656
211.497936279	190.210056065	166.426293451	127.229831923	170.165823897	114.321587003	114.26154856	246.483136771
210.161298134	227.634675829	202.390990003	222.46428137	293.044568947	343.119885891	229.891201102	247.757021678
241.13275935	255.557160755	172.653473617	126.085360482	179.938893363	146.477214941	155.245344277	228.493104768
298.401373211	274.335009101	223.5434929	222.523149833	187.743176549	184.819501616	152.678686156	215.890918992
147.91732932	185.758642185	209.508095747	215.855003789	188.589019679	118.584309944	137.127581015	264.486064143
189.268704313	200.117577409	200.186147061	155.076457572	110.736248315	97.175153338	86.4329362582	181.931998333
405.900428388	412.5326582	331.945158156	278.318270457	318.827862966	311.646215315	305.651697173	345.984695764
249.54394306	268.874100141	286.456126988	275.95816931	238.286322267	195.287700576	143.456877536	255.145295009
178.569898207	166.934060296	149.568600661	141.513773856	224.465726784	242.488523415	277.229244534	206.688206021
124.309768677	203.415150278	203.305321661	259.355459841	222.022260474	174.813471698	128.071462849	148.499925549
231.788021113	227.2941234	222.818530499	250.010720682	231.733103503	285.76053604	364.994052247	250.294449672
207.257244741	180.826426115	183.52444963	164.922806335	199.555613566	261.551282595	307.339191245	231.323612241
200.879898891	227.577854028	209.529046744	157.74398988	127.476548521	105.592828175	106.178590198	180.982282293
207.579556664	181.613806603	133.553831779	101.584016377	113.152823583	95.982665862	83.0684321615	186.977192002
269.990710879	234.616152053	169.38601618	135.750440662	184.981942606	162.366019947	137.672473575	214.6910788
179.764996266	160.7094118	119.706041784	71.7833544712	86.9674134863	64.9464078302	46.6047221574	128.968410466
178.300588416	206.46294741	203.82701715	193.603631192	277.17545206	308.934758231	264.499191387	198.289730917
300.02018829	263.902838461	231.447821935	199.027114268	221.807375374	163.450108486	198.315233075	288.741556228
209.484334877	230.940980815	207.767416426	199.18279442	190.941561473	168.935500495	81.911986399	142.691093994
256.981268829	225.36679509	190.038516087	182.379338846	202.732337904	198.581114787	245.668330355	326.316982629
272.992744804	319.030008713	235.513103203	277.065623955	221.848361841	189.713802722	189.851089734	289.293414839
228.509191344	189.90519299	140.439789383	106.677431818	133.370997638	130.700027195	105.773660107	211.33751367
212.338118559	224.046814777	226.419217217	222.941305488	174.960669433	115.997585364	119.346384308	222.045601162
219.624297686	179.755843092	118.552824008	100.073848622	135.649763171	120.474854693	155.739583419	226.516155832
249.864281571	213.940571318	210.499215965	260.353090632	275.903249446	319.396109511	342.323219607	299.901203591
247.439996392	252.30584473	182.965512609	169.191051686	142.796053192	151.285060544	129.078077328	217.14747886
266.319421013	274.227084812	243.567732228	239.437301636	256.851813776	181.866391463	145.624581262	277.935639196
343.208182575	327.26531686	301.87447209	263.680270408	269.027257906	338.469475506	390.016439205	385.052069245
207.363869145	195.716428025	195.47627575	213.076089343	252.821470728	284.976296287	311.676208256	293.064318099
231.482128743	227.150790904	171.6582061	234.261045252	244.22741037	316.282001088	309.154594709	273.423201699
215.246047302	217.458886057	150.867785808	116.783159388	162.858300719	108.206252884	109.56997995	206.737754102
174.231279913	181.63314685	114.424509588	84.1823378269	85.8977191373	67.9977152003	51.3413625873	107.760252203
200.459964549	195.618327034	167.786976651	202.759743504	233.488008307	268.7593419	288.32763243	294.290916353
223.651412247	232.932087943	149.863655244	121.710448707	142.248743044	135.420950256	142.22128511	228.392428251
239.419015331	210.917904013	158.087561929	130.691958885	201.533195292	132.483363214	126.140816739	231.57556193
123.981528083	141.827726296	160.301828069	210.436004858	193.531664183	174.831907314	150.137636912	56.9528195498
275.178749853	218.108200897	159.536570268	133.321594458	168.778525373	147.253205114	151.040249063	202.891352702
196.495834095	132.730103666	93.1728342556	88.4501253422	100.53147581	97.8680869493	60.1687838919	178.932112726
223.465004022	199.486938037	172.08483283	187.399790592	186.42850434	247.678534858	309.703640506	264.94588432
164.584461766	159.975214314	89.800354835	58.0384410507	68.3616338442	64.476152095	52.4159194691	138.353647157
266.036813518	242.899199415	222.644632941	204.943625226	145.534503502	161.231106752	153.607042453	250.477503937
200.556337425	184.858742144	151.942858689	108.931463667	96.736398546	86.6408865949	76.7415927914	161.204437915
178.269121949	202.170678156	173.564663836	142.545900875	138.365954506	100.810978974	81.0006094487	215.517459395
156.279583566	242.588015563	225.564294802	223.267006688	274.987998348	239.311404235	203.762948209	131.549426392
271.290370045	245.516827065	229.820222893	221.372431608	310.692045276	324.741192914	353.754735038	279.875449366
148.408398699	142.861961723	113.949095784	48.0508236085	69.7148799512	43.273198787	43.5935375034	139.17349151
259.931149701	253.462968198	227.011212908	219.179300148	228.039723508	164.005447984	131.100746709	261.957697352
248.120031343	232.736393332	224.887597722	210.681280342	257.931025553	317.454325614	347.878210383	271.558495501
312.559626165	307.782286986	294.402316651	306.86455855	290.671357761	182.096303472	221.652996231	273.671930877
174.209404657	227.861581994	232.684968782	225.655819682	239.778183649	159.309073634	126.176886335	132.437222526
226.212080921	265.230408922	250.062610215	216.106758063	185.908522242	182.44523939	128.425909907	262.797279083
273.108633686	274.599905	181.827148877	184.790066177	211.574079225	184.064052554	140.630787033	182.26864163
204.121799973	293.055740356	254.794161959	296.426464777	246.869099647	189.112211839	187.002291937	293.441703077
171.152457064	158.750768726	119.129432448	81.2836884492	68.6623387177	66.0264078691	58.9698020116	157.780600529
225.521178431	229.620937995	225.889988305	223.762911863	180.18365133	108.875251818	159.882113571	249.83670591
202.872714929	182.263476987	194.14969784	200.000008668	140.762564778	79.6933665078	100.270329944	168.779513794
195.768568629	166.208044258	165.393733622	146.193618665	117.8987115	61.3677659892	70.9236734514	122.961185044
192.74562136	149.856775769	131.539245335	164.704467864	203.800694979	170.861414622	137.203960599	277.038544604
233.472218685	257.293316189	204.235456947	213.094782768	219.991913885	299.068520964	337.910245827	280.270659193
218.471210123	231.186257232	183.347848577	189.401234249	186.948485999	131.300531236	153.071123741	282.115130637
220.438873803	201.255154194	231.531748624	284.351041653	309.785948478	314.215774843	320.631703882	244.940218727
197.914478379	215.414130909	221.619548926	207.515489668	167.399915964	118.003670507	97.6301205014	145.378910398
149.804393299	194.304594146	203.378335058	180.240671531	195.881642368	123.885940584	72.071888945	117.806300968
185.233013356	192.326013283	210.232004922	301.81966522	265.757527504	290.304633643	277.659892697	282.017364705
185.172696505	234.109932769	242.812282699	263.601777495	293.378144628	281.58533272	333.210785351	214.723410956
278.886689144	276.347926518	261.166800085	264.726216826	224.063110064	158.715652754	176.589927481	266.261486029
183.929399426	244.976825996	191.388718266	213.007011567	175.005674682	83.8921612221	161.011444143	199.433796927
143.103154464	157.123064878	260.992054672	220.894524334	215.135473347	179.757026508	216.322599782	121.352181249
176.656753869	150.274991042	129.720959121	192.285669121	165.884282503	87.170679161	64.3797409552	185.47683639
281.486298324	264.059867398	291.178837207	299.571715797	279.500196828	200.239220741	183.032448993	202.865998134
146.065350782	179.252452825	209.263624153	225.143275728	229.756155692	169.331102307	114.882655099	109.894521009
216.607119992	238.446392581	259.118156817	315.963055618	289.728453053	275.571191582	195.356508543	182.386373836
254.66210766	266.806547537	235.973386054	218.188429703	202.961478781	155.529562956	146.29010398	263.385125516
164.159916154	154.229415791	94.5091046327	75.8928442833	88.4775826115	78.3365710726	62.7681039388	183.737196852
272.507661653	282.062909222	198.664984684	207.195148852	207.094472796	166.502967681	161.148734893	260.490378207
154.042413012	174.76323206	118.762079362	72.2874019815	89.0642015745	70.384069676	61.1911681745	168.621549318
216.83277381	224.392768092	152.920599201	118.269093021	137.361285267	114.260281608	134.102984768	215.167007856
161.670429614	146.79755335	84.0202982346	58.5945465549	62.9420029301	50.503703687	78.0711469714	155.465006271
227.734529935	231.260852249	178.874329426	149.550141261	151.180157001	115.190645207	158.813806613	243.582823894
144.738232453	203.881932406	250.029026569	228.328362587	274.96969456	209.812777935	233.545306417	144.234842441
184.991093373	228.493104973	215.331754544	147.639588119	183.956856952	231.46768209	263.117157187	294.071038009
221.600918008	221.934490725	144.231420009	114.474677161	124.295480577	119.301684153	169.720381483	211.093341526
217.638197521	232.529373886	245.169029697	296.624597025	324.246956025	336.978133848	247.594447603	224.676496672
167.679694855	123.84417313	109.117873487	63.094501413	46.93579376	49.9673912542	29.3643043607	96.5009343538
182.405993565	211.495591527	219.560228526	263.896106638	243.126239036	275.129695536	181.189434024	135.803776034
227.793104384	197.863241771	157.153434612	120.419357946	134.020563358	124.68371574	109.697135885	217.034805419
244.748010725	212.888030187	164.782292616	175.051437788	257.826990524	304.102220676	265.670715639	228.776832273
197.720958353	214.380024203	197.770013164	214.919628665	246.020478008	322.634529388	297.901011515	258.058568502
214.02151387	268.037336552	241.265601302	245.364401791	197.032050532	147.854031483	135.428109409	219.842118247
271.339014185	267.007672868	236.688311067	211.592284389	184.858065143	167.824329064	182.585187564	291.280322189
250.46834897	254.440550529	253.333091992	191.324649836	157.487717801	179.801605429	152.462974804	259.941224988
154.287688989	205.8935144	202.312501866	197.44624647	237.59283579	248.110223455	206.266335247	101.887169708
302.492557992	249.709413048	210.769579112	187.635256102	198.653003281	270.332121485	286.147447106	302.178609176
183.475392403	189.940838382	156.014424605	148.450147121	234.855569304	253.064770596	255.605819483	263.827433085
158.692824823	148.832773771	96.1379275974	60.2296911555	65.9102564201	63.8695699294	110.530655538	177.951804291
206.206674461	195.452445625	184.972789534	265.405293202	208.00057543	149.387721375	104.586049125	188.441601568
177.198889726	128.070368737	67.1486007163	54.4118940365	59.2750003563	55.6298158634	56.8734676973	124.064951291
232.334142122	234.188416845	225.378147372	326.038943064	301.531085776	319.514631971	267.967669151	204.981092604
240.684284697	235.08292988	199.168371725	257.433430204	229.536493903	141.983318508	142.807047594	252.344617293
160.007497444	182.710137566	183.691236757	196.985132231	198.711867079	205.658053062	111.658920398	76.3295314432
241.293292333	214.971175845	201.009195257	216.941007019	197.610699891	136.509906547	100.555106673	170.206257936
178.013693899	199.37019173	201.239956694	169.531134791	141.398880821	103.386028938	96.0613533356	223.3169155
282.41985915	317.419166335	245.727333734	226.873105913	239.997845464	205.190741213	173.358219633	283.60968545
179.986382155	157.47200113	107.425754535	70.6565555716	79.6280003914	79.8938851027	79.2506161456	172.953319262
245.896119452	264.634097607	193.135782712	149.372507863	160.67196903	159.821851854	144.679155325	222.163712341
226.250216028	221.644416413	204.722181716	177.310387473	150.644787081	129.09102026	134.322932057	254.536856417
246.551751767	211.798128476	179.240192389	139.623459918	168.373250781	143.894763107	167.961560135	265.815487844
260.550560931	283.007927215	269.292163657	233.158268002	240.840275168	223.003887808	197.926986914	351.007922495
208.833247712	187.028834295	181.360605208	152.02902081	193.405602311	231.026207567	301.43724725	247.634744484
190.848719245	229.573104551	213.537858592	268.105290765	319.762208977	309.694418171	282.850024742	232.154122372
270.171491363	213.15312574	176.348607171	136.251770787	184.587462837	179.519881299	124.446242361	216.251773992
192.285668353	202.449856985	208.836810544	255.605819153	265.387380696	276.611158412	324.184660438	205.972001549
115.887458033	157.437017317	159.153941093	220.659060087	240.516515718	196.455340543	210.023939503	119.831479519
272.239589043	287.566519299	288.818751185	315.613007479	290.800014976	249.853864754	167.987291516	231.379208307
252.152417586	291.435105906	275.857489669	309.181882052	304.871032561	228.65784823	175.060590757	225.298872314
228.162205239	225.483166305	169.360507491	161.630025604	167.649796616	128.601982974	103.578783205	221.981046101
204.10733276	170.457948583	117.571118011	107.468232194	124.212230886	124.099260454	158.200533173	237.86162048
218.665510874	172.075071789	173.828435222	189.601502514	227.937414018	278.265476207	273.438315296	281.606255224
304.073281251	291.761636169	300.660149686	309.764370487	292.470163271	217.792716682	182.472916289	275.587360894
246.002829402	276.082041974	188.048674793	181.281496732	161.563189213	185.458447678	202.423569493	282.909259004
252.574225337	265.858310617	215.89091832	190.588363318	210.877502167	136.892794932	153.689217163	244.637125139
251.154533471	242.591232257	201.770814437	166.504347519	175.966641389	151.046222239	157.141096616	268.585873567
194.291572631	210.475922398	167.298414442	101.904403666	127.201922341	111.125803145	158.387281428	226.667491287
266.056095597	275.263280993	274.254603504	284.656055067	246.043990999	192.810175653	174.105313905	307.839436097
230.734950772	287.903611327	268.311054751	266.083961597	261.639582243	196.357230975	178.540461918	165.668439797
202.842296353	178.893660291	121.774054548	88.1713999467	95.2647489918	106.616069492	94.8134423674	180.836237187
194.232623982	176.933003791	138.868692506	91.3440557036	109.990247774	120.565574622	99.3463073107	213.796549287
181.593714968	130.538638978	101.698613319	48.3195510616	90.4014570699	80.5003076136	55.2269552332	149.017558013
165.933335887	203.617363909	159.036209161	170.073574917	167.807236925	143.358242447	59.8666840011	95.1470163469
286.117482998	289.082906275	221.5371785	227.184290944	200.504644304	180.634484515	162.57652974	250.294449569
180.097883308	217.484615494	247.855442311	276.356504452	271.639205261	215.374696552	139.769267748	204.250449942
253.604376155	246.373673803	274.227084373	270.871723861	226.967528638	146.703789745	173.056118752	245.863503545
206.439390374	233.802716137	215.28344853	198.523310599	170.441810021	131.684493093	118.047211957	244.98689726
238.06376154	241.517232552	302.747642682	358.964639348	313.127670398	323.007348808	323.54694811	242.743608434
112.579948095	164.432087765	126.681962978	146.688386912	130.27032134	45.8182179542	38.2758107319	82.9664766109
229.824501083	237.99073006	181.787378887	146.395004995	132.451086191	126.850924024	123.437569071	193.334688988
222.441001125	257.066786727	174.19407726	141.779309696	169.061942106	158.595931871	165.462988791	259.350424592
214.57624268	231.647374105	226.889039046	206.325198002	161.999125234	133.753276743	117.005912328	230.273833323
197.929270714	191.676704791	120.3854599	101.807880642	120.49695995	114.064279328	190.270093978	214.448395207
207.612598251	154.701663539	125.986179376	155.996775861	243.858604383	206.463291696	177.344695685	258.653769511
237.691808257	245.093676417	312.430969958	327.963746269	283.269490464	260.274805177	265.541022966	180.5696105
171.334535055	182.198650893	129.196098754	80.6961365172	119.124320046	88.1852138455	71.7900017254	182.274833892
183.425042657	140.211455148	86.2756466891	70.9715873375	69.2326535119	58.5465082807	64.9394351717	136.524338611
190.647361858	209.492436095	211.478538872	212.585995207	167.491441074	117.05180556	89.8413104243	162.192121928
161.273115089	174.419847118	111.609866465	79.9105443611	106.576825094	95.882840877	86.6605077647	203.941127201
217.843304092	221.757892746	217.598033109	192.15812255	179.040823792	136.412055585	97.0405387055	141.955268366
259.451726461	296.076167594	280.614043201	221.905056082	218.637996427	158.457359259	209.052654788	275.100263637
148.656177219	191.814738212	212.702345375	228.085983057	218.971568924	159.409027429	107.224350799	121.950652143
178.941267078	237.004964227	224.255477188	282.264263383	249.315127277	305.255439195	321.308990683	249.013095113
222.3361016	164.535009486	119.09623444	108.323589054	113.746223359	106.838820339	135.113987082	207.431924944
155.229542053	145.65401563	94.2149729283	67.4211499056	75.8880366319	69.6874883775	59.9353606478	175.27340347
271.803770546	286.618372636	217.028993236	160.135038637	206.285954318	179.737407273	247.766836372	266.780541399
184.260272129	223.170675374	235.316685409	262.73841331	204.804493637	196.582882559	139.522140832	128.033467574
213.15345206	242.102926369	185.201601259	179.755842529	155.025683281	135.640610816	111.898927625	230.653103988
228.108703152	227.230054407	183.480925182	134.340950985	134.194509724	135.658915065	114.608079334	203.314473965
231.716048975	271.872445305	282.458505205	278.857876345	261.80636915	317.110938093	326.578551039	183.112387019
207.778909311	253.459765688	179.745821552	216.203359028	163.889458109	109.751872294	135.840233165	192.55195708
180.488043254	207.103625816	202.582271397	255.291734836	236.62971261	290.27273365	315.991365881	255.255126339
198.866339562	205.767354927	198.719901117	169.358558245	179.636862224	255.14529337	233.838188632	309.511369948
149.362569274	155.896691768	137.393157877	133.959308871	59.2976466666	39.342085214	64.9585889912	123.589088193
271.09738258	258.676662198	207.963633805	165.226948031	173.644777915	179.884572091	162.754578734	256.390700965
292.670700995	250.303602846	215.82599453	272.260541519	285.119855177	222.690395893	175.499913158	178.318893228
291.504245786	306.142246823	254.183224465	209.150765508	201.243104345	193.875048631	259.098533685	300.657901901
198.582612006	213.125994586	219.267345659	198.353799193	131.567731307	102.599949754	143.841283197	221.839213992
115.514638887	167.542340725	165.423167057	151.256090123	73.6805633435	37.0953676237	100.278167862	126.179190107
116.407442216	138.884426419	172.33991686	177.961616461	199.320147288	194.581438353	146.409459944	62.0643464233
245.669145211	238.751465313	211.035025229	221.274414403	309.452007443	312.187086031	307.356894253	320.430400017
164.241625994	176.644694366	111.018137308	72.0718883749	83.1493218491	73.6337004081	50.473178757	128.053310927
233.540586484	236.396696127	176.324044617	137.16188949	182.302145136	155.756622075	134.451587653	248.001249973
177.196358441	200.546524158	222.807669221	179.786461151	125.737696915	125.335447078	114.337321659	95.8926522234
162.283649445	193.57617505	183.371094518	185.823975326	198.262272828	139.136880043	58.4298022225	149.396874767
220.778149299	247.538095678	211.163438281	227.974173636	242.932299104	142.136493491	123.807645966	212.372781742
193.850750507	204.623286663	197.456850756	274.356473475	254.834108903	199.507015971	120.447399728	205.337185648
168.258543385	146.105319071	129.338329837	117.604381698	240.683299442	234.257096874	195.807811984	188.096370615
217.431242469	232.775636193	222.856725679	238.789775272	272.274699369	260.03057554	165.570331601	137.491265112
229.77446158	236.657167115	257.158854952	289.686972701	244.299536225	296.908326322	304.514079868	164.754834681
242.537574164	277.866963997	285.98065449	246.344240696	201.282346657	227.909384638	142.190732009	248.198521566
244.617506892	263.94516562	217.529354617	189.764239195	174.910394243	203.843018621	211.711435222	316.198515803
191.104988252	212.924638377	150.074162938	147.39246732	125.041971296	95.5799534945	88.9260565227	190.061599015
168.175983261	182.51657306	127.804484241	106.062025826	153.560934679	97.1163137184	120.556997431	234.183853533
